image: circuit_test.png
resolution: 0.057
origin: [-25,-30, 0.000000] #[-40,-35, 0.000000]
negate: 0
occupied_thresh: 0.45
free_thresh: 0.196
